1
1
0.00846898510188765
0.00654430624643354
0.00654430624643354
0.00266046444116419
0.000574717062304941
0.000289780815456164
0.000289780815456164
0.000289780815456164
0.000289780815456164
0.000242399060887077
0.000226906813003191
0.000207627236622376
0.000176982329054609
0.000142086714017498
0.000108756884966699
0.000108756884966699
8.6350755158171E-05
7.27638814606024E-05
5.6338184238669E-05
4.74168843828116E-05
4.03541189616385E-05
3.68361190372646E-05
3.68361190372646E-05
3.68361190372646E-05
3.51431965819327E-05
3.36694172508034E-05
3.36694172508034E-05
3.3346557533509E-05
3.27175665817414E-05
3.20233345472154E-05
3.06030863609363E-05
2.98201933677245E-05
1.70295954495803E-05
1.70295954495803E-05
1.66682602219526E-05
6.26816249016393E-06
6.26816249016393E-06
5.00348919352245E-06
5.00348919352245E-06
5.00348919352245E-06
5.00348919352245E-06
3.56651252442219E-06
2.99105271750477E-06
1.90704703462163E-06
0
0
0
0
0
