harry@harry-GP62-2QE:~/ceres-solver/build/bin$ ./simple_bundle_adjuster-pcg-b ../../data/problem-4585-1324582-pre.txt
iter      cost      cost_change  |gradient|   |step|    tr_ratio  tr_radius  ls_iter  iter_time  total_time
   0  6.028730e+08    0.00e+00    3.63e+09   0.00e+00   0.00e+00  1.00e+04        0    9.87e+00    2.77e+01
   1  6.028730e+08   -7.68e+11    0.00e+00   1.95e+06  -1.30e+03  5.00e+03        2    8.37e+00    3.60e+01
   2  1.138370e+07    5.91e+08    2.21e+09   1.71e+06   9.97e-01  1.50e+04        2    1.66e+01    5.27e+01
   3  1.138370e+07   -4.37e+05    0.00e+00   6.09e+05  -7.48e-02  7.50e+03        7    1.17e+01    6.43e+01
   4  7.431204e+06    3.95e+06    2.72e+08   5.32e+05   6.83e-01  7.88e+03        7    2.05e+01    8.49e+01
   5  6.416022e+06    1.02e+06    3.36e+08   2.19e+05   5.13e-01  7.89e+03        2    1.69e+01    1.02e+02
   6  5.500739e+06    9.15e+05    5.45e+07   1.43e+05   8.88e-01  1.48e+04        4    1.84e+01    1.20e+02
   7  5.273531e+06    2.27e+05    2.28e+10   2.24e+05   9.00e-01  3.02e+04       27    3.80e+01    1.58e+02
   8  5.220860e+06    5.27e+04    1.88e+09   3.22e+05   7.10e-01  3.27e+04       84    8.74e+01    2.46e+02
   9  5.179236e+06    4.16e+04    1.13e+09   3.63e+05   9.61e-01  9.80e+04       97    9.84e+01    3.44e+02
  10  5.179236e+06   -2.42e+07    0.00e+00   1.18e+06  -9.30e+02  4.90e+04      100    9.24e+01    4.36e+02
  11  5.162632e+06    1.66e+04    2.28e+09   6.54e+05   8.91e-01  9.39e+04      100    1.02e+02    5.38e+02
  12  5.162632e+06   -1.39e+06    0.00e+00   1.06e+06  -7.66e+01  4.69e+04      100    9.24e+01    6.31e+02
  13  5.153908e+06    8.72e+03    4.93e+08   5.90e+05   9.38e-01  1.41e+05       14    2.68e+01    6.57e+02
  14  5.141669e+06    1.22e+04    1.65e+09   1.56e+06   7.24e-01  1.55e+05      100    1.02e+02    7.59e+02
  15  5.137398e+06    4.27e+03    3.49e+09   1.86e+06   2.53e-01  1.38e+05      100    1.02e+02    8.61e+02
  16  5.120923e+06    1.65e+04    1.88e+08   1.15e+06   9.85e-01  4.14e+05        4    1.84e+01    8.80e+02
  17  5.120923e+06   -7.48e+03    0.00e+00   5.22e+06  -5.33e-01  2.07e+05      100    9.24e+01    9.72e+02
  18  5.120923e+06   -9.95e+03    0.00e+00   2.58e+06  -8.57e-01  5.18e+04      100    9.22e+01    1.06e+03
  19  5.120923e+06   -1.52e+06    0.00e+00   6.96e+05  -2.05e+02  6.47e+03      100    9.22e+01    1.16e+03
  20  5.120923e+06   -7.14e+02    0.00e+00   1.10e+05  -2.05e-01  4.05e+02       64    6.08e+01    1.22e+03
  21  5.119474e+06    1.45e+03    2.42e+06   5.28e+03   1.00e+00  1.21e+03       17    2.91e+01    1.25e+03
  22  5.118619e+06    8.55e+02    2.56e+06   1.55e+04   1.01e+00  3.64e+03       21    3.34e+01    1.28e+03
  23  5.117604e+06    1.01e+03    2.42e+06   5.07e+04   1.01e+00  1.09e+04       44    5.29e+01    1.33e+03
  24  5.115816e+06    1.79e+03    7.29e+06   1.55e+05   1.01e+00  3.28e+04       80    8.43e+01    1.42e+03
  25  5.112126e+06    3.69e+03    1.21e+07   4.10e+05   1.00e+00  9.83e+04      100    1.02e+02    1.52e+03
  26  5.108127e+06    4.00e+03    2.21e+08   1.14e+06   6.17e-01  9.96e+04      100    1.04e+02    1.62e+03
  27  5.102982e+06    5.15e+03    4.93e+07   1.17e+06   6.50e-01  1.02e+05      100    1.02e+02    1.72e+03
  28  5.097830e+06    5.15e+03    8.48e+07   1.19e+06   7.26e-01  1.13e+05      100    1.03e+02    1.83e+03
  29  5.093836e+06    3.99e+03    1.31e+08   1.40e+06   7.32e-01  1.25e+05      100    1.02e+02    1.93e+03
  30  5.090651e+06    3.19e+03    2.70e+07   1.57e+06   7.85e-01  1.54e+05      100    1.02e+02    2.03e+03
  31  5.088532e+06    2.12e+03    3.40e+09   1.93e+06   6.28e-01  1.56e+05      100    1.02e+02    2.13e+03
  32  5.087995e+06    5.37e+02    2.69e+08   2.04e+06   2.72e-01  1.43e+05        3    1.79e+01    2.15e+03
  33  5.086113e+06    1.88e+03    5.82e+07   1.67e+06   9.30e-01  3.93e+05        2    1.71e+01    2.17e+03
  34  5.086113e+06   -1.12e+06    0.00e+00   5.00e+06  -3.59e+02  1.97e+05      100    9.27e+01    2.26e+03
  35  5.086113e+06   -9.52e+05    0.00e+00   2.53e+06  -3.94e+02  4.92e+04      100    9.21e+01    2.35e+03
  36  5.086113e+06   -1.16e+05    0.00e+00   6.51e+05  -7.84e+01  6.15e+03      100    9.25e+01    2.45e+03
  37  5.085604e+06    5.09e+02    3.25e+06   8.02e+04   9.06e-01  1.32e+04       73    7.80e+01    2.52e+03
  38  5.084966e+06    6.37e+02    2.71e+06   1.71e+05   1.00e+00  3.97e+04      100    1.02e+02    2.63e+03
  39  5.084966e+06   -4.32e+03    0.00e+00   5.21e+05  -3.10e+00  1.99e+04      100    9.23e+01    2.72e+03
  40  5.084204e+06    7.63e+02    2.77e+06   2.54e+05   9.18e-01  4.79e+04       99    9.96e+01    2.82e+03
  41  5.083885e+06    3.18e+02    2.37e+07   6.64e+05   8.92e-01  9.27e+04        5    1.91e+01    2.84e+03
  42  5.083132e+06    7.53e+02    9.10e+07   1.16e+06   3.83e-01  9.15e+04      100    1.02e+02    2.94e+03
  43  5.081944e+06    1.19e+03    2.62e+07   1.05e+06   7.61e-01  1.07e+05        2    1.67e+01    2.96e+03
  44  5.081944e+06   -1.50e+03    0.00e+00   1.33e+06  -2.05e+00  5.33e+04        2    7.69e+00    2.96e+03
  45  5.081944e+06   -2.92e+02    0.00e+00   6.62e+05  -5.16e-01  1.33e+04        2    7.36e+00    2.97e+03
  46  5.081735e+06    2.08e+02    4.71e+06   1.66e+05   4.95e-01  1.33e+04        2    1.64e+01    2.99e+03
  47  5.081455e+06    2.81e+02    4.03e+06   1.42e+05   9.67e-01  4.00e+04        2    1.67e+01    3.00e+03
  48  5.080311e+06    1.14e+03    2.03e+07   5.52e+05   9.96e-01  1.20e+05      100    1.01e+02    3.11e+03
  49  5.080311e+06   -9.01e+03    0.00e+00   1.68e+06  -5.40e+00  6.00e+04      100    9.51e+01    3.20e+03
  50  5.080311e+06   -7.86e+03    0.00e+00   7.95e+05  -6.44e+00  1.50e+04      100    9.31e+01    3.29e+03

Solver Summary (v 1.11.0-eigen-(3.2.92)-lapack-suitesparse-(4.4.6)-openmp)

                                     Original                  Reduced
Parameter blocks                      1329167                  1329167
Parameters                            4015011                  4015011
Residual blocks                       9125125                  9125125
Residual                             18250250                 18250250

Minimizer                        TRUST_REGION
Trust region strategy     LEVENBERG_MARQUARDT

                                        Given                     Used
Linear solver                 ITERATIVE_SCHUR          ITERATIVE_SCHUR
Preconditioner                         JACOBI                   JACOBI
Threads                                     1                        1
Linear solver threads                       1                        1
Linear solver ordering              AUTOMATIC            1324565, 4602

Cost:
Initial                          6.028730e+08
Final                            5.080311e+06
Change                           5.977927e+08

Minimizer iterations                       50
Successful steps                           34
Unsuccessful steps                         16

Time (in seconds):
Preprocessor                          17.7895

  Residual evaluation                 72.2950
  Jacobian evaluation                300.8428
  Linear solver                     2845.7314
Minimizer                           3275.8539

Postprocessor                          0.4871
Total                               3294.1305

Termination:                   NO_CONVERGENCE (Maximum number of iterations reached.)

harry@harry-GP62-2QE:~/ceres-solver/build/bin$ 

