1
1
0.01054443976313
0.01054443976313
0.00393262253496718
0.00223440504472283
0.000703300672183382
0.000323222420674285
0.000235113280216082
0.000165483790317777
0.000165483790317777
0.000137708274983606
0.000137708274983606
0.000123114586970119
0.000102640934104836
9.54963167841827E-05
6.79365953235589E-05
6.79365953235589E-05
6.79365953235589E-05
6.79365953235589E-05
6.79365953235589E-05
6.55126780916282E-05
6.40824163709031E-05
6.23845033340675E-05
5.93934998760481E-05
5.3220791397135E-05
4.65311813139246E-05
3.79245186787891E-05
2.93061462984801E-05
2.26249003189016E-05
1.72969663067013E-05
1.37522591883155E-05
1.28539544584916E-05
9.70570585212549E-06
9.70570585212549E-06
9.70570585212549E-06
9.70570585212549E-06
8.85424010266256E-06
7.7869804794295E-06
7.7869804794295E-06
6.51229108628026E-06
5.97866127460822E-06
4.71902726795204E-06
2.73171624554092E-06
2.73171624554092E-06
2.73171624554092E-06
2.3820967137711E-06
1.91370691049464E-06
0
0
0
