harry@harry-GP62-2QE:~/ceres-solver/build/bin$ ./simple_bundle_adjuster-pcg-s ../../data/problem-4585-1324582-pre.txt
iter      cost      cost_change  |gradient|   |step|    tr_ratio  tr_radius  ls_iter  iter_time  total_time
   0  6.028730e+08    0.00e+00    3.63e+09   0.00e+00   0.00e+00  1.00e+04        0    9.78e+00    2.75e+01
   1  6.028730e+08   -4.88e+11    0.00e+00   2.58e+06  -8.22e+02  5.00e+03        2    2.12e+01    4.88e+01
   2  1.015277e+07    5.93e+08    2.98e+09   2.15e+06   9.98e-01  1.50e+04        2    2.88e+01    7.76e+01
   3  9.002230e+06    1.15e+06    8.83e+09   1.10e+06   2.46e-01  1.33e+04        9    3.46e+01    1.12e+02
   4  9.002230e+06   -2.07e+06    0.00e+00   1.54e+05  -5.75e-01  6.63e+03        2    1.98e+01    1.32e+02
   5  6.680536e+06    2.32e+06    1.71e+09   8.15e+04   6.48e-01  6.81e+03        2    2.87e+01    1.61e+02
   6  5.433712e+06    1.25e+06    1.01e+09   7.89e+04   9.68e-01  2.04e+04        2    2.90e+01    1.90e+02
   7  5.263382e+06    1.70e+05    6.83e+09   2.88e+05   8.59e-01  3.24e+04       31    5.41e+01    2.44e+02
   8  5.263382e+06   -8.62e+04    0.00e+00   4.07e+05  -1.22e+00  1.62e+04       80    8.72e+01    3.31e+02
   9  5.263382e+06   -9.48e+06    0.00e+00   2.11e+05  -1.60e+02  4.05e+03       66    7.44e+01    4.05e+02
  10  5.263382e+06   -2.00e+09    0.00e+00   4.80e+04  -4.70e+04  5.06e+02       36    4.85e+01    4.54e+02
  11  5.235058e+06    2.83e+04    3.63e+09   6.71e+03   9.40e-01  1.52e+03        3    2.95e+01    4.83e+02
  12  5.225797e+06    9.26e+03    1.49e+08   1.89e+04   1.00e+00  4.55e+03       32    5.54e+01    5.39e+02
  13  5.214272e+06    1.15e+04    8.57e+06   5.66e+04   1.01e+00  1.37e+04       54    7.42e+01    6.13e+02
  14  5.195953e+06    1.83e+04    1.66e+07   1.69e+05   1.01e+00  4.10e+04       84    9.97e+01    7.13e+02
  15  5.175093e+06    2.09e+04    1.53e+08   4.89e+05   8.64e-01  6.69e+04       98    1.11e+02    8.24e+02
  16  5.155169e+06    1.99e+04    1.48e+08   8.01e+05   8.43e-01  9.88e+04      100    1.14e+02    9.38e+02
  17  5.155169e+06   -7.22e+03    0.00e+00   1.17e+06  -3.61e-01  4.94e+04      100    1.04e+02    1.04e+03
  18  5.141775e+06    1.34e+04    1.57e+08   5.84e+05   9.55e-01  1.48e+05       97    1.11e+02    1.15e+03
  19  5.133653e+06    8.12e+03    3.82e+09   1.72e+06   4.82e-01  1.48e+05      100    1.14e+02    1.27e+03
  20  5.123834e+06    9.82e+03    8.80e+08   1.83e+06   7.05e-01  1.59e+05        3    3.07e+01    1.30e+03
  21  5.118501e+06    5.33e+03    5.29e+08   1.76e+06   6.60e-01  1.64e+05       10    3.72e+01    1.33e+03
  22  5.114279e+06    4.22e+03    9.03e+07   2.01e+06   7.86e-01  2.02e+05        3    2.98e+01    1.36e+03
  23  5.112176e+06    2.10e+03    1.30e+08   2.24e+06   5.86e-01  2.03e+05        5    3.13e+01    1.40e+03
  24  5.112176e+06   -6.73e+04    0.00e+00   2.45e+06  -2.15e+01  1.02e+05        2    2.02e+01    1.42e+03
  25  5.112176e+06   -2.05e+04    0.00e+00   1.22e+06  -8.19e+00  2.54e+04        2    1.95e+01    1.44e+03
  26  5.111164e+06    1.01e+03    7.44e+07   3.14e+05   5.35e-01  2.54e+04        3    3.06e+01    1.47e+03
  27  5.110283e+06    8.82e+02    1.12e+07   3.00e+05   7.59e-01  2.95e+04        2    2.96e+01    1.50e+03
  28  5.110283e+06   -6.76e+01    0.00e+00   3.56e+05  -1.25e-01  1.48e+04        2    2.06e+01    1.52e+03
  29  5.110090e+06    1.93e+02    6.25e+06   1.78e+05   4.78e-01  1.48e+04        2    2.92e+01    1.55e+03
  30  5.109714e+06    3.76e+02    2.39e+06   1.78e+05   9.97e-01  4.43e+04        2    2.91e+01    1.57e+03
  31  5.109299e+06    4.15e+02    7.06e+06   5.48e+05   1.00e+00  1.33e+05        2    2.90e+01    1.60e+03
  32  5.108450e+06    8.49e+02    1.51e+07   1.64e+06   9.05e-01  2.84e+05        2    2.90e+01    1.63e+03
  33  5.107982e+06    4.68e+02    3.21e+07   3.57e+06   3.16e-01  2.71e+05        2    2.92e+01    1.66e+03
  34  5.100336e+06    7.65e+03    1.81e+08   3.31e+06   8.84e-01  4.95e+05      100    1.14e+02    1.78e+03
  35  5.100336e+06   -6.82e+03    0.00e+00   6.08e+06  -7.97e-01  2.47e+05      100    1.05e+02    1.88e+03
  36  5.100120e+06    2.16e+02    2.14e+08   3.11e+06   3.25e-02  1.36e+05      100    1.13e+02    1.99e+03
  37  5.093903e+06    6.22e+03    2.12e+07   1.86e+06   8.55e-01  2.13e+05        2    2.89e+01    2.02e+03
  38  5.093903e+06   -3.39e+02    0.00e+00   3.09e+06  -1.88e-01  1.06e+05        2    1.98e+01    2.04e+03
  39  5.093147e+06    7.56e+02    9.60e+06   1.55e+06   5.05e-01  1.06e+05        2    2.87e+01    2.07e+03
  40  5.093147e+06   -6.45e+05    0.00e+00   1.58e+06  -4.94e+02  5.31e+04        2    2.00e+01    2.09e+03
  41  5.093147e+06   -1.55e+05    0.00e+00   7.93e+05  -1.35e+02  1.33e+04        2    1.95e+01    2.11e+03
  42  5.093147e+06   -3.88e+03    0.00e+00   1.98e+05  -3.95e+00  1.66e+03        2    1.95e+01    2.13e+03
  43  5.092288e+06    8.59e+02    8.34e+06   2.46e+04   9.70e-01  4.98e+03        2    2.86e+01    2.16e+03
  44  5.091944e+06    3.45e+02    1.04e+07   7.38e+04   9.93e-01  1.49e+04       68    8.82e+01    2.25e+03
  45  5.091296e+06    6.48e+02    1.25e+07   2.19e+05   9.94e-01  4.48e+04      100    1.14e+02    2.36e+03
  46  5.090156e+06    1.14e+03    1.73e+07   6.57e+05   9.22e-01  1.12e+05      100    1.19e+02    2.48e+03
  47  5.090156e+06   -5.06e+04    0.00e+00   1.65e+06  -2.43e+01  5.62e+04      100    1.09e+02    2.59e+03
  48  5.090156e+06   -8.95e+03    0.00e+00   8.34e+05  -6.39e+00  1.40e+04      100    1.04e+02    2.69e+03
  49  5.090156e+06   -2.31e+03    0.00e+00   2.07e+05  -4.12e+00  1.76e+03      100    1.07e+02    2.80e+03
  50  5.090156e+06   -4.65e+02    0.00e+00   2.62e+04  -2.76e+00  1.10e+02       40    5.59e+01    2.86e+03

Solver Summary (v 1.11.0-eigen-(3.2.92)-lapack-suitesparse-(4.4.6)-openmp)

                                     Original                  Reduced
Parameter blocks                      1329167                  1329167
Parameters                            4015011                  4015011
Residual blocks                       9125125                  9125125
Residual                             18250250                 18250250

Minimizer                        TRUST_REGION
Trust region strategy     LEVENBERG_MARQUARDT

                                        Given                     Used
Linear solver                 ITERATIVE_SCHUR          ITERATIVE_SCHUR
Preconditioner                   SCHUR_JACOBI             SCHUR_JACOBI
Threads                                     1                        1
Linear solver threads                       1                        1
Linear solver ordering              AUTOMATIC            1324565, 4602

Cost:
Initial                          6.028730e+08
Final                            5.090156e+06
Change                           5.977828e+08

Minimizer iterations                       50
Successful steps                           32
Unsuccessful steps                         18

Time (in seconds):
Preprocessor                          17.7704

  Residual evaluation                 71.5810
  Jacobian evaluation                283.7921
  Linear solver                     2428.0738
Minimizer                           2838.9644

Postprocessor                          0.5777
Total                               2857.3125

Termination:                   NO_CONVERGENCE (Maximum number of iterations reached.)

harry@harry-GP62-2QE:~/ceres-solver/build/bin$ 

